Movie Report
------------

Frame #    Frame Bytes    Total Bytes    Page
-------    -----------    -----------    ---------------
    1         58233          58233        Scene 1
    2           166          58399          2
    3           160          58559          3
    4           162          58721          4
    5           162          58883          5
    6           164          59047          6
    7           164          59211          7
    8           165          59376          8
    9           165          59541          9
   10           165          59706          10
   11           166          59872          11
   12           166          60038          12
   13           166          60204          13
   14           166          60370          14
   15           166          60536          15
   16           166          60702          16
   17           166          60868          17
   18           166          61034          18
   19           166          61200          19
   20           168          61368          20
   21           168          61536          21
   22           169          61705          22
   23           169          61874          23
   24           169          62043          24
   25           169          62212          25
   26           169          62381          26
   27           169          62550          27
   28           169          62719          28
   29           169          62888          29
   30           169          63057          30
   31           169          63226          31
   32           169          63395          32
   33           169          63564          33
   34           168          63732          34
   35           169          63901          35
   36           169          64070          36
   37           169          64239          37
   38           169          64408          38
   39           170          64578          39
   40           170          64748          40
   41           170          64918          41
   42           170          65088          42
   43           168          65256          43
   44           168          65424          44
   45           169          65593          45
   46           169          65762          46
   47           169          65931          47
   48           170          66101          48
   49           169          66270          49
   50           169          66439          50
   51           169          66608          51
   52           170          66778          52
   53           171          66949          53
   54           170          67119          54
   55           170          67289          55
   56           169          67458          56
   57           170          67628          57
   58           169          67797          58
   59           170          67967          59
   60           169          68136          60
   61           649          68785          61
   62           343          69128          62
   63            24          69152          63
   64            24          69176          64
   65            24          69200          65
   66            24          69224          66
   67            24          69248          67
   68            24          69272          68
   69            24          69296          69
   70            24          69320          70
   71            24          69344          71
   72            24          69368          72
   73            24          69392          73
   74            24          69416          74
   75            24          69440          75
   76            24          69464          76
   77            24          69488          77
   78            24          69512          78
   79            24          69536          79
   80            24          69560          80
   81            24          69584          81
   82            24          69608          82
   83             2          69610          83
   84            24          69634          84
   85             2          69636          85
   86            24          69660          86
   87             2          69662          87
   88           375          70037          88
   89           211          70248          89
   90           211          70459          90
   91           211          70670          91
   92           211          70881          92
   93           211          71092          93
   94           211          71303          94
   95           211          71514          95
   96           211          71725          96
   97           211          71936          97
   98           211          72147          98
   99           204          72351          99
  100           204          72555          100
  101           204          72759          101
  102           204          72963          102
  103           204          73167          103
  104           197          73364          104
  105           197          73561          105
  106           197          73758          106
  107           197          73955          107
  108           498          74453          108

Page                       Shape Bytes    Text Bytes
-----------------------    -----------    ----------
Scene 1                        1182            46

Symbol                     Shape Bytes    Text Bytes
-----------------------    -----------    ----------
1stToe                            0             0
1stToe1                          64             0
2ndToe                            0             0
2ndToe0                           0             0
2ndToe3                           0             0
3rdToe                            0             0
3rdToe1                           0             0
4thToe                            0             0
4thToe1                           0             0
bws                               0             0
Created                           0            68
CreatedBy                         0            68
Heel                            267             0
Heel1                           267             0
Sound1                            0             0
woofie                            0             0
Woofie1                           0            52

Bitmap                     Compressed  Original    Compression
-----------------------    ----------  ----------  ------------

Event sounds: 11KHz Mono 4 bit ADPCM

Sound Name                 Bytes       Format
-----------------------    --------    --------
drums.wav                   56162        11KHz Mono 4 bit ADPCM

Font Name                  Bytes       Characters
-----------------------    --------    -----------
Verdana Bold                 1346         BPSWdefginorstu
