Movie Report
------------

Frame #    Frame Bytes    Total Bytes    Page
-------    -----------    -----------    ---------------
    1         58417          58417        Scene 1
    2           166          58583          2
    3           160          58743          3
    4           162          58905          4
    5           162          59067          5
    6           164          59231          6
    7           164          59395          7
    8           165          59560          8
    9           165          59725          9
   10           165          59890          10
   11           166          60056          11
   12           166          60222          12
   13           166          60388          13
   14           166          60554          14
   15           166          60720          15
   16           166          60886          16
   17           166          61052          17
   18           166          61218          18
   19           166          61384          19
   20           168          61552          20
   21           168          61720          21
   22           169          61889          22
   23           169          62058          23
   24           169          62227          24
   25           169          62396          25
   26           169          62565          26
   27           169          62734          27
   28           169          62903          28
   29           169          63072          29
   30           169          63241          30
   31           169          63410          31
   32           168          63578          32
   33           168          63746          33
   34           168          63914          34
   35           169          64083          35
   36           169          64252          36
   37           169          64421          37
   38           169          64590          38
   39           170          64760          39
   40           170          64930          40
   41           170          65100          41
   42           170          65270          42
   43           168          65438          43
   44           168          65606          44
   45           169          65775          45
   46           169          65944          46
   47           169          66113          47
   48           170          66283          48
   49           170          66453          49
   50           170          66623          50
   51           170          66793          51
   52           171          66964          52
   53           171          67135          53
   54           170          67305          54
   55           170          67475          55
   56           169          67644          56
   57           170          67814          57
   58           170          67984          58
   59           170          68154          59
   60           169          68323          60
   61           664          68987          61
   62           364          69351          62
   63             2          69353          63
   64             2          69355          64
   65             2          69357          65
   66             2          69359          66
   67             2          69361          67
   68             2          69363          68
   69             2          69365          69
   70             2          69367          70
   71             2          69369          71
   72             2          69371          72
   73             2          69373          73
   74             2          69375          74
   75             2          69377          75
   76             2          69379          76
   77             2          69381          77
   78             2          69383          78
   79             2          69385          79
   80             2          69387          80
   81             2          69389          81
   82             2          69391          82
   83             2          69393          83
   84             2          69395          84
   85             2          69397          85
   86             2          69399          86
   87             2          69401          87
   88           376          69777          88
   89           211          69988          89
   90           211          70199          90
   91           211          70410          91
   92           211          70621          92
   93           211          70832          93
   94           211          71043          94
   95           211          71254          95
   96           211          71465          96
   97           211          71676          97
   98           211          71887          98
   99           204          72091          99
  100           204          72295          100
  101           204          72499          101
  102           204          72703          102
  103           204          72907          103
  104           197          73104          104
  105           197          73301          105
  106           197          73498          106
  107           197          73695          107
  108           430          74125          108

Page                       Shape Bytes    Text Bytes
-----------------------    -----------    ----------
Scene 1                        1182            68

Symbol                     Shape Bytes    Text Bytes
-----------------------    -----------    ----------
1stToe                            0             0
1stToe1                          64             0
2ndToe                            0             0
2ndToe0                           0             0
2ndToe3                           0             0
3rdToe                            0             0
3rdToe1                           0             0
4thToe                            0             0
4thToe1                           0             0
Created                           0            51
CreatedBy                         0             0
Heel                            267             0
Heel1                           267             0
Sound1                            0             0
woofie                            0             0
Woofie1                           0            73

Bitmap                     Compressed  Original    Compression
-----------------------    ----------  ----------  ------------

Event sounds: 11KHz Mono 4 bit ADPCM

Sound Name                 Bytes       Format
-----------------------    --------    --------
drums.wav                   56162        11KHz Mono 4 bit ADPCM

Font Name                  Bytes       Characters
-----------------------    --------    -----------
Verdana Bold                 1527         BCSWadefgiorstuy
