Movie Report
------------

Frame #    Frame Bytes    Total Bytes    Page
-------    -----------    -----------    ---------------
    1          3446           3446        Scene 1
    2            28           3474          2
    3            28           3502          3
    4            28           3530          4
    5            28           3558          5
    6           176           3734          6
    7            24           3758          7
    8            24           3782          8
    9            23           3805          9
   10            23           3828          10
   11            23           3851          11
   12            23           3874          12
   13            23           3897          13
   14            23           3920          14
   15            19           3939          15
   16             2           3941          16
   17             2           3943          17
   18             2           3945          18
   19            82           4027          19
   20             2           4029          20
   21             2           4031          21
   22             2           4033          22
   23             2           4035          23
   24             2           4037          24
   25             2           4039          25
   26             2           4041          26
   27             2           4043          27
   28             2           4045          28
   29             2           4047          29
   30             2           4049          30
   31            44           4093          31
   32            45           4138          32
   33            45           4183          33
   34            45           4228          34
   35            46           4274          35
   36            46           4320          36
   37            46           4366          37
   38            99           4465          38
   39           160           4625          39
   40            24           4649          40
   41            24           4673          41
   42            23           4696          42
   43            23           4719          43
   44            23           4742          44
   45            23           4765          45
   46            23           4788          46
   47            23           4811          47
   48            19           4830          48
   49             2           4832          49
   50             2           4834          50
   51            19           4853          51
   52             2           4855          52
   53             2           4857          53
   54             2           4859          54
   55             2           4861          55
   56             2           4863          56
   57             2           4865          57
   58             2           4867          58
   59             2           4869          59
   60             2           4871          60
   61             2           4873          61
   62             2           4875          62
   63            44           4919          63
   64            45           4964          64
   65            45           5009          65
   66            45           5054          66
   67            46           5100          67
   68            46           5146          68
   69            46           5192          69
   70            46           5238          70
   71            36           5274          71
   72           160           5434          72
   73            24           5458          73
   74            24           5482          74
   75            23           5505          75
   76            23           5528          76
   77            23           5551          77
   78            23           5574          78
   79            23           5597          79
   80            23           5620          80
   81            87           5707          81
   82             2           5709          82
   83             2           5711          83
   84            78           5789          84
   85             2           5791          85
   86             2           5793          86
   87             2           5795          87
   88             2           5797          88
   89             2           5799          89
   90             2           5801          90
   91             2           5803          91
   92             2           5805          92
   93             2           5807          93
   94             2           5809          94
   95            97           5906          95
   96            44           5950          96
   97            45           5995          97
   98            45           6040          98
   99            45           6085          99
  100            46           6131          100
  101            46           6177          101
  102            46           6223          102
  103            46           6269          103
  104            36           6305          104
  105            97           6402          105
  106            24           6426          106
  107            24           6450          107
  108            23           6473          108
  109            23           6496          109
  110            23           6519          110
  111            23           6542          111
  112            23           6565          112
  113            23           6588          113
  114            78           6666          114
  115             2           6668          115
  116             2           6670          116
  117            86           6756          117
  118             2           6758          118
  119             2           6760          119
  120             2           6762          120
  121             2           6764          121
  122             2           6766          122
  123             2           6768          123
  124             2           6770          124
  125             2           6772          125
  126             2           6774          126
  127             2           6776          127
  128             2           6778          128
  129            44           6822          129
  130            45           6867          130
  131            45           6912          131
  132            45           6957          132
  133            46           7003          133
  134            46           7049          134
  135            46           7095          135
  136            46           7141          136
  137            36           7177          137
  138            95           7272          138
  139            24           7296          139
  140            24           7320          140
  141            23           7343          141
  142            23           7366          142
  143            23           7389          143
  144            23           7412          144
  145            23           7435          145
  146            23           7458          146
  147            19           7477          147
  148             2           7479          148
  149             2           7481          149
  150            86           7567          150
  151             2           7569          151
  152             2           7571          152
  153             2           7573          153
  154             2           7575          154
  155             2           7577          155
  156             2           7579          156
  157             2           7581          157
  158             2           7583          158
  159             2           7585          159
  160             2           7587          160
  161             2           7589          161
  162            44           7633          162
  163            45           7678          163
  164            45           7723          164
  165            45           7768          165
  166            46           7814          166
  167            46           7860          167
  168            46           7906          168
  169            46           7952          169
  170            36           7988          170
  171            87           8075          171
  172            24           8099          172
  173            24           8123          173
  174            23           8146          174
  175            23           8169          175
  176            23           8192          176
  177            23           8215          177
  178            23           8238          178
  179            23           8261          179
  180            19           8280          180
  181             2           8282          181
  182             2           8284          182
  183            88           8372          183
  184             2           8374          184
  185             2           8376          185
  186             2           8378          186
  187             2           8380          187
  188             2           8382          188
  189             2           8384          189
  190             2           8386          190
  191             2           8388          191
  192             2           8390          192
  193             2           8392          193
  194             2           8394          194
  195            44           8438          195
  196            45           8483          196
  197            45           8528          197
  198            45           8573          198
  199            46           8619          199
  200            46           8665          200
  201            46           8711          201
  202            46           8757          202
  203            36           8793          203
  204            97           8890          204
  205            24           8914          205
  206            24           8938          206
  207            23           8961          207
  208            23           8984          208
  209            23           9007          209
  210            23           9030          210
  211            23           9053          211
  212            23           9076          212
  213            19           9095          213
  214             2           9097          214
  215             2           9099          215
  216            82           9181          216
  217             2           9183          217
  218             2           9185          218
  219             2           9187          219
  220             2           9189          220
  221             2           9191          221
  222             2           9193          222
  223             2           9195          223
  224             2           9197          224
  225             2           9199          225
  226             2           9201          226
  227             2           9203          227
  228            44           9247          228
  229            45           9292          229
  230            45           9337          230
  231            45           9382          231
  232            46           9428          232
  233            46           9474          233
  234            46           9520          234
  235            46           9566          235
  236            36           9602          236
  237            85           9687          237
  238            24           9711          238
  239            23           9734          239
  240            23           9757          240
  241            23           9780          241
  242            23           9803          242
  243            23           9826          243
  244            23           9849          244
  245            23           9872          245
  246            19           9891          246
  247             2           9893          247
  248             2           9895          248
  249            80           9975          249
  250             2           9977          250
  251             2           9979          251
  252             2           9981          252
  253             2           9983          253
  254             2           9985          254
  255             2           9987          255
  256             2           9989          256
  257             2           9991          257
  258             2           9993          258
  259             2           9995          259
  260             2           9997          260
  261            44          10041          261
  262            45          10086          262
  263            45          10131          263
  264            45          10176          264
  265            46          10222          265
  266            46          10268          266
  267            46          10314          267
  268            46          10360          268
  269            36          10396          269
  270            36          10432          270
  271             2          10434          271
  272             2          10436          272
  273             2          10438          273
  274             2          10440          274
  275             2          10442          275
  276             2          10444          276
  277             2          10446          277
  278             2          10448          278
  279            84          10532          279
  280             2          10534          280
  281             2          10536          281
  282            78          10614          282
  283             2          10616          283
  284             2          10618          284
  285             2          10620          285
  286             2          10622          286
  287             2          10624          287
  288             2          10626          288
  289             2          10628          289
  290             2          10630          290
  291             2          10632          291
  292             2          10634          292
  293             2          10636          293
  294             2          10638          294
  295             2          10640          295
  296             2          10642          296
  297             2          10644          297
  298             2          10646          298
  299             2          10648          299
  300             2          10650          300
  301             2          10652          301
  302             2          10654          302

Page                       Shape Bytes    Text Bytes
-----------------------    -----------    ----------
Scene 1                          72          1566

Symbol                     Shape Bytes    Text Bytes
-----------------------    -----------    ----------

Bitmap                     Compressed  Original    Compression
-----------------------    ----------  ----------  ------------

Font Name                  Bytes       Characters
-----------------------    --------    -----------
Arial Bold                   3248         !&'.02?ABCEFGHLMNOPSTVWYabcdefhiklmnoprstuvwxy
